Folder: iter 1_21
Part: GenDes2Fixedv64
Load: 7800.0 [N]
Buckle: 7524.5 [N]
Stress: 257.364 [N]
Deflection: 0.717071 [mm]
Mass: 185.755453297 g
