Folder: iter 1_21
Part: GenDes2Fixedv64
Load: 7700.0 [N]
Buckle: 7524.5 [N]
Stress: 254.064 [N]
Deflection: 0.707875 [mm]
Mass: 185.755453297 g
