Folder: iter 1_21
Part: GenDes2Fixedv64
Load: 7900.0 [N]
Buckle: 7524.5 [N]
Stress: 260.663 [N]
Deflection: 0.726267 [mm]
Mass: 185.755453297 g
