Folder: iter 1_21
Part: GenDes2Fixedv64
Load: 7600.0 [N]
Buckle: 7524.5 [N]
Stress: 250.764 [N]
Deflection: 0.698678 [mm]
Mass: 185.755453297 g
