Folder: iter 1_21
Part: GenDes2Fixedv64
Load: 7300.0 [N]
Buckle: 7524.5 [N]
Stress: 240.865 [N]
Deflection: 0.67109 [mm]
Mass: 185.755453297 g
